day	seedRun	susceptible	exposed	infected	removed	susceptible-in-quarantine	exposed-in-quarantine	infected-in-quarantine	removed-in-quarantine	susceptible-in-quarantine-external-1	exposed-in-quarantine-external-1	infected-in-quarantine-external-1	removed-in-quarantine-external-1	susceptible-in-quarantine-external-2	exposed-in-quarantine-external-2	infected-in-quarantine-external-2	removed-in-quarantine-external-2	num-of-screened-agents	num-of-screened-agents-external-1	num-of-screened-agents-external-2	num-of-positive-agents	num-of-positive-agents-external-1	num-of-positive-agents-external-2	num-vaccinated	num-immunized	num-immunized-in-quarantine	num-immunized-in-quarantine-external-1	num-immunized-in-quarantine-external-2	num-infected-outside	classroom-in-quarantine	num-of-classroom-in-quarantine	classroom-with-at-least-one-infected
0	123456958	246	0	0	0	0	0	0	0	0	0	0	0	0	0	0	0	0	0	0	0	0	0	86	44	0	0	0	0	[]	0	0
1	123456958	245	1	0	0	0	0	0	0	0	0	0	0	0	0	0	0	0	1	0	0	0	0	86	44	0	0	0	1	[]	0	0
2	123456958	245	1	0	0	0	0	0	0	0	0	0	0	0	0	0	0	0	6	0	0	0	0	86	44	0	0	0	1	[]	0	0
3	123456958	245	1	0	0	0	0	0	0	0	0	0	0	0	0	0	0	0	11	0	0	0	0	86	44	0	0	0	1	[]	0	0
4	123456958	245	1	0	0	0	0	0	0	0	0	0	0	0	0	0	0	0	12	0	0	0	0	86	44	0	0	0	1	[]	0	0
5	123456958	245	0	1	0	0	0	0	0	0	0	0	0	0	0	0	0	0	16	0	0	0	0	86	44	0	0	0	1	[]	0	1
6	123456958	245	0	1	0	0	0	0	0	0	0	0	0	0	0	0	0	0	17	0	0	0	0	86	44	0	0	0	1	[]	0	1
7	123456958	245	0	1	0	0	0	0	0	0	0	0	0	0	0	0	0	0	18	0	0	0	0	86	44	0	0	0	1	[]	0	1
8	123456958	243	2	1	0	0	0	0	0	0	0	0	0	0	0	0	0	0	20	0	0	0	0	86	44	0	0	0	1	[]	0	1
9	123456958	241	2	3	0	0	0	0	0	0	0	0	0	0	0	0	0	0	21	0	0	0	0	86	44	0	0	0	1	[]	0	1
10	123456958	230	8	6	2	0	0	0	0	0	0	0	0	0	0	0	0	0	25	0	0	0	0	86	44	0	0	0	1	[]	0	2
11	123456958	216	19	8	3	0	0	0	0	0	0	0	0	0	0	0	0	0	27	0	0	0	0	86	44	0	0	0	1	[]	0	3
12	123456958	202	25	13	5	0	0	0	0	0	0	0	0	0	0	1	0	0	33	1	0	0	1	86	44	0	0	0	1	[]	0	4
13	123456958	202	18	15	9	0	0	0	0	0	0	1	0	0	0	1	0	0	35	1	0	1	1	86	44	0	0	0	1	[]	0	5
14	123456958	202	10	21	11	0	0	0	0	0	0	1	0	0	0	1	0	0	39	1	0	1	1	86	44	0	0	0	1	[]	0	5
15	123456958	171	32	25	15	0	0	0	0	0	0	1	0	0	0	1	1	0	41	2	0	1	2	86	44	0	0	0	1	[]	0	5
16	123456958	148	43	35	17	0	0	0	0	0	0	1	0	0	0	1	1	0	43	2	0	1	2	86	44	0	0	0	2	[]	0	5
17	123456958	145	34	41	21	0	0	0	0	0	0	1	0	0	0	2	2	0	45	4	0	1	4	86	44	0	0	0	2	[]	0	6
18	123456958	136	26	48	31	0	0	0	0	0	0	1	0	0	0	2	2	0	46	4	0	1	4	86	44	0	0	0	2	[]	0	7
19	123456958	120	30	53	36	0	0	0	0	0	0	1	0	0	0	4	2	0	46	6	0	1	6	86	44	0	0	0	3	[]	0	9
20	123456958	120	21	49	48	0	0	0	0	0	0	0	1	0	0	5	2	0	50	7	0	1	7	86	44	0	0	0	3	[]	0	10
21	123456958	120	15	43	57	0	0	0	0	0	0	1	1	0	0	6	3	0	51	9	0	2	9	86	44	0	0	0	3	[]	0	10
22	123456958	103	28	42	59	0	0	0	0	0	0	2	1	0	0	9	2	0	53	12	0	3	12	86	44	0	0	0	3	[]	0	10
23	123456958	84	30	51	64	0	0	0	0	0	0	3	0	0	0	12	2	0	57	15	0	4	15	86	44	0	0	0	3	[]	0	11
24	123456958	67	35	56	71	0	0	0	0	0	0	3	0	0	0	11	3	0	58	15	0	4	15	86	44	0	0	0	3	[]	0	11
25	123456958	56	34	52	86	0	0	0	0	0	0	4	0	0	0	11	3	0	60	16	0	5	16	86	44	0	0	0	3	[]	0	11
26	123456958	42	33	60	91	0	0	0	0	0	0	5	0	0	0	11	4	0	63	17	0	6	17	86	44	0	0	0	3	[]	0	11
27	123456958	42	26	62	98	0	0	0	0	0	0	5	0	0	0	8	5	0	66	17	0	6	17	86	44	0	0	0	3	[]	0	11
28	123456958	42	19	53	110	0	0	0	0	0	0	4	1	0	0	9	8	0	68	21	0	6	21	86	44	0	0	0	3	[]	0	11
29	123456958	33	22	52	117	0	0	0	0	0	0	4	1	0	0	11	6	0	69	23	0	6	23	86	44	0	0	0	3	[]	0	11
30	123456958	24	23	49	129	0	0	0	0	0	0	3	2	0	0	10	6	0	72	23	0	6	23	86	44	0	0	0	3	[]	0	11
31	123456958	18	17	57	135	0	0	0	0	0	0	3	2	0	0	9	5	0	76	23	0	7	23	86	44	0	0	0	3	[]	0	12
32	123456958	10	18	52	149	0	0	0	0	0	0	4	1	0	0	10	2	0	80	24	0	8	24	86	44	0	0	0	3	[]	0	12
33	123456958	6	13	55	158	0	0	0	0	0	0	3	1	0	0	8	2	0	81	25	0	8	25	86	44	0	0	0	3	[]	0	12
34	123456958	6	8	54	164	0	0	0	0	0	0	3	1	0	0	8	2	0	81	25	0	8	25	86	44	0	0	0	3	[]	0	12
35	123456958	6	6	49	173	0	0	0	0	0	0	2	1	0	0	5	4	0	81	25	0	8	25	86	44	0	0	0	3	[]	0	12
36	123456958	5	4	45	182	0	0	0	0	0	0	2	0	0	0	2	6	0	83	25	0	8	25	86	44	0	0	0	3	[]	0	9
37	123456958	5	3	40	188	0	0	0	0	0	0	2	0	0	0	2	6	0	84	25	0	8	25	86	44	0	0	0	3	[]	0	9
38	123456958	5	1	36	198	0	0	0	0	0	0	2	0	0	0	1	3	0	87	25	0	8	25	86	44	0	0	0	3	[]	0	9
39	123456958	5	1	30	205	0	0	0	0	0	0	2	0	0	0	2	1	0	90	26	0	8	26	86	44	0	0	0	3	[]	0	9
40	123456958	5	1	21	214	0	0	0	0	0	0	2	0	0	0	2	1	0	95	26	0	8	26	86	44	0	0	0	3	[]	0	8
41	123456958	5	1	15	219	0	0	0	0	0	0	1	0	0	0	4	1	0	97	28	0	8	28	86	44	0	0	0	3	[]	0	8
42	123456958	5	0	16	221	0	0	0	0	0	0	0	0	0	0	3	1	0	98	28	0	8	28	86	44	0	0	0	3	[]	0	8
43	123456958	5	0	10	225	0	0	0	0	0	0	0	0	0	0	6	0	0	100	31	0	8	31	86	44	0	0	0	3	[]	0	8
44	123456958	5	0	8	226	0	0	0	0	0	0	0	0	0	0	7	0	0	103	32	0	8	32	86	44	0	0	0	3	[]	0	8
45	123456958	5	0	8	226	0	0	0	0	0	0	0	0	0	0	7	0	0	107	32	0	8	32	86	44	0	0	0	3	[]	0	8
46	123456958	5	0	7	227	0	0	0	0	0	0	0	0	0	0	7	0	0	109	32	0	8	32	86	44	0	0	0	3	[]	0	8
47	123456958	5	0	5	229	0	0	0	0	0	0	0	0	0	0	7	0	0	110	32	0	8	32	86	44	0	0	0	3	[]	0	6
48	123456958	5	0	5	229	0	0	0	0	0	0	0	0	0	0	6	1	0	110	32	0	8	32	86	44	0	0	0	3	[]	0	5
49	123456958	5	0	5	230	0	0	0	0	0	0	0	0	0	0	3	3	0	113	32	0	8	32	86	44	0	0	0	3	[]	0	5
50	123456958	5	0	3	231	0	0	0	0	0	0	1	0	0	0	3	3	0	116	32	0	9	32	86	44	0	0	0	3	[]	0	5
51	123456958	5	0	4	231	0	0	0	0	0	0	2	0	0	0	1	3	0	117	32	0	10	32	86	44	0	0	0	3	[]	0	5
52	123456958	5	0	2	233	0	0	0	0	0	0	2	0	0	0	1	3	0	120	32	0	10	32	86	44	0	0	0	3	[]	0	5
53	123456958	5	0	2	236	0	0	0	0	0	0	2	0	0	0	0	1	0	125	32	0	10	32	86	44	0	0	0	3	[]	0	4
54	123456958	5	0	1	238	0	0	0	0	0	0	1	1	0	0	0	0	0	127	32	0	10	32	86	44	0	0	0	3	[]	0	2
55	123456958	5	0	1	238	0	0	0	0	0	0	1	1	0	0	0	0	0	131	32	0	10	32	86	44	0	0	0	3	[]	0	2
56	123456958	5	0	1	238	0	0	0	0	0	0	1	1	0	0	0	0	0	131	32	0	10	32	86	44	0	0	0	3	[]	0	2
57	123456958	5	0	1	238	0	0	0	0	0	0	1	1	0	0	0	0	0	132	32	0	10	32	86	44	0	0	0	3	[]	0	2
58	123456958	5	0	1	238	0	0	0	0	0	0	1	1	0	0	0	0	0	134	32	0	10	32	86	44	0	0	0	3	[]	0	2
59	123456958	5	0	1	238	0	0	0	0	0	0	1	1	0	0	0	0	0	134	32	0	10	32	86	44	0	0	0	3	[]	0	2
60	123456958	5	0	2	238	0	0	0	0	0	0	0	1	0	0	0	0	0	135	32	0	10	32	86	44	0	0	0	3	[]	0	2
