day	seedRun	susceptible	exposed	infected	removed	susceptible-in-quarantine	exposed-in-quarantine	infected-in-quarantine	removed-in-quarantine	susceptible-in-quarantine-external-1	exposed-in-quarantine-external-1	infected-in-quarantine-external-1	removed-in-quarantine-external-1	susceptible-in-quarantine-external-2	exposed-in-quarantine-external-2	infected-in-quarantine-external-2	removed-in-quarantine-external-2	num-of-screened-agents	num-of-screened-agents-external-1	num-of-screened-agents-external-2	num-of-positive-agents	num-of-positive-agents-external-1	num-of-positive-agents-external-2	num-vaccinated	num-immunized	num-immunized-in-quarantine	num-immunized-in-quarantine-external-1	num-immunized-in-quarantine-external-2	num-infected-outside	classroom-in-quarantine	num-of-classroom-in-quarantine	classroom-with-at-least-one-infected
0	123456848	242	0	0	0	0	0	0	0	0	0	0	0	0	0	0	0	0	0	0	0	0	0	86	48	0	0	0	0	[]	0	0
1	123456848	242	0	0	0	0	0	0	0	0	0	0	0	0	0	0	0	0	2	0	0	0	0	86	48	0	0	0	0	[]	0	0
2	123456848	242	0	0	0	0	0	0	0	0	0	0	0	0	0	0	0	0	8	0	0	0	0	86	48	0	0	0	0	[]	0	0
3	123456848	242	0	0	0	0	0	0	0	0	0	0	0	0	0	0	0	0	8	0	0	0	0	86	48	0	0	0	0	[]	0	0
4	123456848	242	0	0	0	0	0	0	0	0	0	0	0	0	0	0	0	0	9	0	0	0	0	86	48	0	0	0	0	[]	0	0
5	123456848	241	0	1	0	0	0	0	0	0	0	0	0	0	0	0	0	0	11	0	0	0	0	86	48	0	0	0	1	[]	0	1
6	123456848	241	0	1	0	0	0	0	0	0	0	0	0	0	0	0	0	0	13	0	0	0	0	86	48	0	0	0	1	[]	0	1
7	123456848	240	1	0	1	0	0	0	0	0	0	0	0	0	0	0	0	0	14	0	0	0	0	86	48	0	0	0	2	[]	0	0
8	123456848	240	1	0	1	0	0	0	0	0	0	0	0	0	0	0	0	0	15	0	0	0	0	86	48	0	0	0	2	[]	0	0
9	123456848	240	1	0	1	0	0	0	0	0	0	0	0	0	0	0	0	0	18	0	0	0	0	86	48	0	0	0	2	[]	0	0
10	123456848	240	1	0	1	0	0	0	0	0	0	0	0	0	0	0	0	0	19	0	0	0	0	86	48	0	0	0	2	[]	0	0
11	123456848	240	0	1	1	0	0	0	0	0	0	0	0	0	0	0	0	0	21	0	0	0	0	86	48	0	0	0	2	[]	0	1
12	123456848	239	1	1	1	0	0	0	0	0	0	0	0	0	0	0	0	0	24	0	0	0	0	86	48	0	0	0	2	[]	0	1
13	123456848	239	0	2	1	0	0	0	0	0	0	0	0	0	0	0	0	0	27	0	0	0	0	86	48	0	0	0	2	[]	0	1
14	123456848	239	0	1	2	0	0	0	0	0	0	0	0	0	0	0	0	0	31	0	0	0	0	86	48	0	0	0	2	[]	0	1
15	123456848	236	2	1	3	0	0	0	0	0	0	0	0	0	0	0	0	0	33	0	0	0	0	86	48	0	0	0	2	[]	0	1
16	123456848	235	3	1	3	0	0	0	0	0	0	0	0	0	0	0	0	0	35	0	0	0	0	86	48	0	0	0	2	[]	0	1
17	123456848	230	7	2	3	0	0	0	0	0	0	0	0	0	0	0	0	0	37	0	0	0	0	86	48	0	0	0	2	[]	0	1
18	123456848	230	5	4	3	0	0	0	0	0	0	0	0	0	0	0	0	0	45	0	0	0	0	86	48	0	0	0	2	[]	0	1
19	123456848	227	7	3	5	0	0	0	0	0	0	0	0	0	0	0	0	0	47	0	0	0	0	86	48	0	0	0	3	[]	0	1
20	123456848	227	5	5	5	0	0	0	0	0	0	0	0	0	0	0	0	0	51	0	0	0	0	86	48	0	0	0	3	[]	0	1
21	123456848	226	6	2	8	0	0	0	0	0	0	0	0	0	0	0	0	0	56	0	0	0	0	86	48	0	0	0	4	[]	0	1
22	123456848	220	7	6	9	0	0	0	0	0	0	0	0	0	0	0	0	0	58	0	0	0	0	86	48	0	0	0	4	[]	0	4
23	123456848	215	6	11	10	0	0	0	0	0	0	0	0	0	0	0	0	0	60	0	0	0	0	86	48	0	0	0	4	[]	0	5
24	123456848	198	18	14	12	0	0	0	0	0	0	0	0	0	0	0	0	0	63	0	0	0	0	86	48	0	0	0	4	[]	0	5
25	123456848	184	25	19	14	0	0	0	0	0	0	0	0	0	0	0	0	0	65	0	0	0	0	86	48	0	0	0	4	[]	0	5
26	123456848	173	33	18	17	0	0	0	0	0	0	1	0	0	0	0	0	0	68	0	0	1	0	86	48	0	0	0	4	[]	0	5
27	123456848	172	24	21	23	0	0	0	0	0	0	1	0	0	0	1	0	0	73	1	0	1	1	86	48	0	0	0	5	[]	0	5
28	123456848	172	19	21	27	0	0	0	0	0	0	2	0	0	0	0	1	0	75	1	0	2	1	86	48	0	0	0	5	[]	0	5
29	123456848	162	23	21	31	0	0	0	0	0	0	2	0	0	0	2	1	0	77	3	0	2	3	86	48	0	0	0	5	[]	0	4
30	123456848	154	23	26	33	0	0	0	0	0	0	2	0	0	0	3	1	0	79	4	0	2	4	86	48	0	0	0	5	[]	0	5
31	123456848	150	19	26	41	0	0	0	0	0	0	2	0	0	0	3	1	0	80	4	0	2	4	86	48	0	0	0	5	[]	0	6
32	123456848	137	22	30	47	0	0	0	0	0	0	2	0	0	0	3	1	0	83	4	0	2	4	86	48	0	0	0	6	[]	0	7
33	123456848	120	31	33	51	0	0	0	0	0	0	2	0	0	0	4	1	0	85	5	0	2	5	86	48	0	0	0	6	[]	0	7
34	123456848	120	21	40	54	0	0	0	0	0	0	2	0	0	0	4	1	0	86	5	0	2	5	86	48	0	0	0	6	[]	0	8
35	123456848	119	15	38	60	0	0	0	0	0	0	3	0	0	0	5	2	0	87	7	0	3	7	86	48	0	0	0	7	[]	0	8
36	123456848	98	26	45	62	0	0	0	0	0	0	2	0	0	0	7	2	0	90	9	0	3	9	86	48	0	0	0	7	[]	0	8
37	123456848	86	32	38	74	0	0	0	0	0	0	2	0	0	0	9	1	0	91	11	0	3	11	86	48	0	0	0	7	[]	0	9
38	123456848	77	33	41	80	0	0	0	0	0	0	1	0	0	0	8	2	0	91	11	0	3	11	86	48	0	0	0	7	[]	0	11
39	123456848	66	32	45	90	0	0	0	0	0	0	1	0	0	0	5	3	0	92	11	0	3	11	86	48	0	0	0	7	[]	0	11
40	123456848	54	36	41	102	0	0	0	0	0	0	1	0	0	0	5	3	0	92	12	0	3	12	86	48	0	0	0	7	[]	0	11
41	123456848	54	24	43	111	0	0	0	0	0	0	1	0	0	0	6	3	0	93	13	0	3	13	86	48	0	0	0	7	[]	0	11
42	123456848	54	13	47	115	0	0	0	0	0	0	2	0	0	0	8	3	0	98	15	0	4	15	86	48	0	0	0	7	[]	0	10
43	123456848	43	19	41	123	0	0	0	0	0	0	2	0	0	0	12	2	0	100	19	0	4	19	86	48	0	0	0	7	[]	0	10
44	123456848	38	22	36	127	0	0	0	0	0	0	3	0	0	0	13	3	0	103	21	0	5	21	86	48	0	0	0	7	[]	0	10
45	123456848	36	15	42	130	0	0	0	0	0	0	3	0	0	0	13	3	0	104	23	0	6	23	86	48	0	0	0	7	[]	0	10
46	123456848	34	15	39	135	0	0	0	0	0	0	3	0	0	0	12	4	0	108	25	0	6	25	86	48	0	0	0	7	[]	0	10
47	123456848	32	11	37	144	0	0	0	0	0	0	3	0	0	0	11	4	0	109	26	0	6	26	86	48	0	0	0	7	[]	0	9
48	123456848	32	11	28	151	0	0	0	0	0	0	3	1	0	0	10	6	0	110	27	0	7	27	86	48	0	0	0	7	[]	0	8
49	123456848	32	6	28	154	0	0	0	0	0	0	2	2	0	0	11	7	0	112	29	0	7	29	86	48	0	0	0	7	[]	0	8
50	123456848	25	11	25	158	0	0	0	0	0	0	2	2	0	0	11	8	0	114	31	0	7	31	86	48	0	0	0	7	[]	0	8
51	123456848	24	12	24	160	0	0	0	0	0	0	2	2	0	0	7	11	0	117	31	0	7	31	86	48	0	0	0	7	[]	0	8
52	123456848	23	12	19	169	0	0	0	0	0	0	1	2	0	0	6	10	0	118	31	0	7	31	86	48	0	0	0	7	[]	0	8
53	123456848	19	12	21	174	0	0	0	0	0	0	1	2	0	0	7	6	0	118	32	0	7	32	86	48	0	0	0	7	[]	0	8
54	123456848	19	5	24	179	0	0	0	0	0	0	1	1	0	0	7	6	0	120	34	0	7	34	86	48	0	0	0	7	[]	0	9
55	123456848	19	5	21	184	0	0	0	0	0	0	1	0	0	0	6	6	0	122	35	0	7	35	86	48	0	0	0	7	[]	0	9
56	123456848	19	4	18	189	0	0	0	0	0	0	1	0	0	0	4	7	0	125	36	0	7	36	86	48	0	0	0	7	[]	0	9
57	123456848	9	12	18	192	0	0	0	0	0	0	1	0	0	0	3	7	0	127	36	0	7	36	86	48	0	0	0	7	[]	0	9
58	123456848	9	7	19	197	0	0	0	0	0	0	1	0	0	0	2	7	0	131	36	0	8	36	86	48	0	0	0	7	[]	0	9
59	123456848	7	7	16	203	0	0	0	0	0	0	1	0	0	0	3	5	0	132	37	0	8	37	86	48	0	0	0	7	[]	0	7
60	123456848	7	4	15	209	0	0	0	0	0	0	1	0	0	0	3	3	0	134	37	0	8	37	86	48	0	0	0	7	[]	0	7
