day	seedRun	susceptible	exposed	infected	removed	susceptible-in-quarantine	exposed-in-quarantine	infected-in-quarantine	removed-in-quarantine	susceptible-in-quarantine-external-1	exposed-in-quarantine-external-1	infected-in-quarantine-external-1	removed-in-quarantine-external-1	susceptible-in-quarantine-external-2	exposed-in-quarantine-external-2	infected-in-quarantine-external-2	removed-in-quarantine-external-2	num-of-screened-agents	num-of-screened-agents-external-1	num-of-screened-agents-external-2	num-of-positive-agents	num-of-positive-agents-external-1	num-of-positive-agents-external-2	num-vaccinated	num-immunized	num-immunized-in-quarantine	num-immunized-in-quarantine-external-1	num-immunized-in-quarantine-external-2	num-infected-outside	classroom-in-quarantine	num-of-classroom-in-quarantine	classroom-with-at-least-one-infected
0	123456950	247	0	0	0	0	0	0	0	0	0	0	0	0	0	0	0	0	0	0	0	0	0	86	43	0	0	0	0	[]	0	0
1	123456950	246	1	0	0	0	0	0	0	0	0	0	0	0	0	0	0	0	4	0	0	0	0	86	43	0	0	0	1	[]	0	0
2	123456950	245	1	1	0	0	0	0	0	0	0	0	0	0	0	0	0	0	5	0	0	0	0	86	43	0	0	0	2	[]	0	0
3	123456950	243	2	2	0	0	0	0	0	0	0	0	0	0	0	0	0	0	6	0	0	0	0	86	43	0	0	0	2	[]	0	1
4	123456950	241	4	2	0	0	0	0	0	0	0	0	0	0	0	0	0	0	9	0	0	0	0	86	43	0	0	0	2	[]	0	1
5	123456950	237	7	2	0	0	0	0	0	0	0	0	0	0	0	1	0	0	11	1	0	0	1	86	43	0	0	0	2	[]	0	1
6	123456950	235	9	1	1	0	0	0	0	0	0	0	0	0	0	1	0	0	12	1	0	0	1	86	43	0	0	0	4	[]	0	1
7	123456950	235	6	3	2	0	0	0	0	0	0	0	0	0	0	1	0	0	14	1	0	0	1	86	43	0	0	0	4	[]	0	2
8	123456950	229	10	4	3	0	0	0	0	0	0	0	0	0	0	1	0	0	14	1	0	0	1	86	43	0	0	0	4	[]	0	3
9	123456950	220	13	9	4	0	0	0	0	0	0	0	0	0	0	0	1	0	17	1	0	0	1	86	43	0	0	0	4	[]	0	4
10	123456950	211	19	11	4	0	0	0	0	0	0	0	0	0	0	1	1	0	21	2	0	0	2	86	43	0	0	0	4	[]	0	5
11	123456950	201	23	16	5	0	0	0	0	0	0	0	0	0	0	0	2	0	24	2	0	0	2	86	43	0	0	0	4	[]	0	6
12	123456950	183	34	18	10	0	0	0	0	0	0	0	0	0	0	0	2	0	26	2	0	0	2	86	43	0	0	0	4	[]	0	5
13	123456950	183	22	27	13	0	0	0	0	0	0	0	0	0	0	0	2	0	33	2	0	0	2	86	43	0	0	0	4	[]	0	6
14	123456950	183	16	25	18	0	0	0	0	0	0	1	0	0	0	2	2	0	37	4	0	1	4	86	43	0	0	0	4	[]	0	6
15	123456950	160	33	28	21	0	0	0	0	0	0	1	0	0	0	3	1	0	41	5	0	1	5	86	43	0	0	0	4	[]	0	6
16	123456950	146	35	36	25	0	0	0	0	0	0	1	0	0	0	3	1	0	44	5	0	1	5	86	43	0	0	0	4	[]	0	6
17	123456950	121	52	39	29	0	0	0	0	0	0	2	0	0	0	3	1	0	46	5	0	2	5	86	43	0	0	0	4	[]	0	7
18	123456950	101	51	53	34	0	0	0	0	0	0	3	0	0	0	4	1	0	47	6	0	3	6	86	43	0	0	0	4	[]	0	8
19	123456950	86	46	57	47	0	0	0	0	0	0	3	1	0	0	5	2	0	51	8	0	4	8	86	43	0	0	0	4	[]	0	10
20	123456950	86	32	57	56	0	0	0	0	0	0	6	1	0	0	8	1	0	56	11	0	7	11	86	43	0	0	0	4	[]	0	10
21	123456950	86	20	58	66	0	0	0	0	0	0	6	1	0	0	9	1	0	59	12	0	7	12	86	43	0	0	0	4	[]	0	10
22	123456950	67	26	59	74	0	0	0	0	0	0	5	3	0	0	12	1	0	61	15	0	8	15	86	43	0	0	0	4	[]	0	10
23	123456950	60	28	55	80	0	0	0	0	0	0	5	4	0	0	13	2	0	63	17	0	9	17	86	43	0	0	0	4	[]	0	10
24	123456950	56	21	58	88	0	0	0	0	0	0	4	4	0	0	14	2	0	64	20	0	9	20	86	43	0	0	0	4	[]	0	11
25	123456950	51	20	51	102	0	0	0	0	0	0	4	4	0	0	13	2	0	69	20	0	9	20	86	43	0	0	0	4	[]	0	10
26	123456950	46	17	50	110	0	0	0	0	0	0	3	5	0	0	13	3	0	69	21	0	9	21	86	43	0	0	0	4	[]	0	10
27	123456950	46	12	45	119	0	0	0	0	0	0	4	4	0	0	13	4	0	72	22	0	10	22	86	43	0	0	0	4	[]	0	9
28	123456950	46	10	42	126	0	0	0	0	0	0	3	4	0	0	11	5	0	73	22	0	10	22	86	43	0	0	0	4	[]	0	10
29	123456950	37	17	34	136	0	0	0	0	0	0	3	3	0	0	13	4	0	75	25	0	10	25	86	43	0	0	0	4	[]	0	10
30	123456950	31	19	36	143	0	0	0	0	0	0	2	1	0	0	10	5	0	77	26	0	10	26	86	43	0	0	0	5	[]	0	9
31	123456950	30	16	31	150	0	0	0	0	0	0	1	2	0	0	12	5	0	79	29	0	10	29	86	43	0	0	0	5	[]	0	9
32	123456950	23	17	32	159	0	0	0	0	0	0	1	1	0	0	8	6	0	81	29	0	10	29	86	43	0	0	0	5	[]	0	10
33	123456950	14	21	31	168	0	0	0	0	0	0	1	0	0	0	3	9	0	83	29	0	10	29	86	43	0	0	0	5	[]	0	9
34	123456950	14	13	34	175	0	0	0	0	0	0	0	1	0	0	3	7	0	84	30	0	10	30	86	43	0	0	0	5	[]	0	9
35	123456950	14	10	35	176	0	0	0	0	0	0	1	1	0	0	3	7	0	85	30	0	11	30	86	43	0	0	0	5	[]	0	9
36	123456950	10	12	32	179	0	0	0	0	0	0	1	1	0	0	6	6	0	87	33	0	11	33	86	43	0	0	0	5	[]	0	9
37	123456950	8	10	33	184	0	0	0	0	0	0	1	0	0	0	6	5	0	90	33	0	11	33	86	43	0	0	0	5	[]	0	8
38	123456950	6	11	23	193	0	0	0	0	0	0	0	1	0	0	7	6	0	91	35	0	11	35	86	43	0	0	0	5	[]	0	7
39	123456950	5	9	21	201	0	0	0	0	0	0	0	1	0	0	5	5	0	95	35	0	11	35	86	43	0	0	0	6	[]	0	7
40	123456950	5	6	22	203	0	0	0	0	0	0	0	1	0	0	4	6	0	98	36	0	11	36	86	43	0	0	0	6	[]	0	7
41	123456950	5	4	17	212	0	0	0	0	0	0	1	1	0	0	3	4	0	102	36	0	12	36	86	43	0	0	0	6	[]	0	5
42	123456950	5	4	14	214	0	0	0	0	0	0	1	1	0	0	4	4	0	103	37	0	12	37	86	43	0	0	0	6	[]	0	5
43	123456950	5	4	11	217	0	0	0	0	0	0	1	1	0	0	4	4	0	107	37	0	12	37	86	43	0	0	0	6	[]	0	4
44	123456950	5	2	13	218	0	0	0	0	0	0	1	1	0	0	1	6	0	108	37	0	12	37	86	43	0	0	0	6	[]	0	4
45	123456950	5	2	10	222	0	0	0	0	0	0	0	1	0	0	1	6	0	108	37	0	12	37	86	43	0	0	0	6	[]	0	3
46	123456950	5	2	10	225	0	0	0	0	0	0	0	1	0	0	1	3	0	110	37	0	12	37	86	43	0	0	0	6	[]	0	3
47	123456950	5	2	8	227	0	0	0	0	0	0	0	1	0	0	1	3	0	112	37	0	12	37	86	43	0	0	0	6	[]	0	3
48	123456950	5	1	7	231	0	0	0	0	0	0	0	1	0	0	1	1	0	113	37	0	12	37	86	43	0	0	0	6	[]	0	3
49	123456950	5	0	7	232	0	0	0	0	0	0	0	1	0	0	1	1	0	116	37	0	12	37	86	43	0	0	0	6	[]	0	3
50	123456950	4	1	6	233	0	0	0	0	0	0	0	1	0	0	2	0	0	121	38	0	12	38	86	43	0	0	0	6	[]	0	3
51	123456950	4	0	6	235	0	0	0	0	0	0	0	0	0	0	2	0	0	123	38	0	12	38	86	43	0	0	0	6	[]	0	3
52	123456950	4	0	5	237	0	0	0	0	0	0	0	0	0	0	1	0	0	125	38	0	12	38	86	43	0	0	0	6	[]	0	3
53	123456950	4	0	4	238	0	0	0	0	0	0	0	0	0	0	1	0	0	128	38	0	12	38	86	43	0	0	0	6	[]	0	2
54	123456950	4	0	2	240	0	0	0	0	0	0	0	0	0	0	1	0	0	130	38	0	12	38	86	43	0	0	0	6	[]	0	1
55	123456950	4	0	1	241	0	0	0	0	0	0	0	0	0	0	1	0	0	131	38	0	12	38	86	43	0	0	0	6	[]	0	1
56	123456950	4	0	1	241	0	0	0	0	0	0	0	0	0	0	1	0	0	136	38	0	12	38	86	43	0	0	0	6	[]	0	1
57	123456950	4	0	1	241	0	0	0	0	0	0	0	0	0	0	1	0	0	137	38	0	12	38	86	43	0	0	0	6	[]	0	1
58	123456950	4	0	1	241	0	0	0	0	0	0	0	0	0	0	0	1	0	139	38	0	12	38	86	43	0	0	0	6	[]	0	1
59	123456950	4	0	1	241	0	0	0	0	0	0	0	0	0	0	0	1	0	142	38	0	12	38	86	43	0	0	0	6	[]	0	1
60	123456950	4	0	1	242	0	0	0	0	0	0	0	0	0	0	0	0	0	144	38	0	12	38	86	43	0	0	0	6	[]	0	1
