day	seedRun	susceptible	exposed	infected	removed	susceptible-in-quarantine	exposed-in-quarantine	infected-in-quarantine	removed-in-quarantine	susceptible-in-quarantine-external-1	exposed-in-quarantine-external-1	infected-in-quarantine-external-1	removed-in-quarantine-external-1	susceptible-in-quarantine-external-2	exposed-in-quarantine-external-2	infected-in-quarantine-external-2	removed-in-quarantine-external-2	num-of-screened-agents	num-of-screened-agents-external-1	num-of-screened-agents-external-2	num-of-positive-agents	num-of-positive-agents-external-1	num-of-positive-agents-external-2	num-vaccinated	num-immunized	num-immunized-in-quarantine	num-immunized-in-quarantine-external-1	num-immunized-in-quarantine-external-2	num-infected-outside	classroom-in-quarantine	num-of-classroom-in-quarantine	classroom-with-at-least-one-infected
0	123456948	242	0	0	0	0	0	0	0	0	0	0	0	0	0	0	0	0	0	0	0	0	0	86	48	0	0	0	0	[]	0	0
1	123456948	242	0	0	0	0	0	0	0	0	0	0	0	0	0	0	0	0	0	0	0	0	0	86	48	0	0	0	0	[]	0	0
2	123456948	242	0	0	0	0	0	0	0	0	0	0	0	0	0	0	0	0	2	0	0	0	0	86	48	0	0	0	0	[]	0	0
3	123456948	242	0	0	0	0	0	0	0	0	0	0	0	0	0	0	0	0	2	0	0	0	0	86	48	0	0	0	0	[]	0	0
4	123456948	242	0	0	0	0	0	0	0	0	0	0	0	0	0	0	0	0	8	0	0	0	0	86	48	0	0	0	0	[]	0	0
5	123456948	242	0	0	0	0	0	0	0	0	0	0	0	0	0	0	0	0	9	0	0	0	0	86	48	0	0	0	0	[]	0	0
6	123456948	242	0	0	0	0	0	0	0	0	0	0	0	0	0	0	0	0	11	0	0	0	0	86	48	0	0	0	0	[]	0	0
7	123456948	241	1	0	0	0	0	0	0	0	0	0	0	0	0	0	0	0	14	0	0	0	0	86	48	0	0	0	1	[]	0	0
8	123456948	241	1	0	0	0	0	0	0	0	0	0	0	0	0	0	0	0	16	0	0	0	0	86	48	0	0	0	1	[]	0	0
9	123456948	241	1	0	0	0	0	0	0	0	0	0	0	0	0	0	0	0	17	0	0	0	0	86	48	0	0	0	1	[]	0	0
10	123456948	241	1	0	0	0	0	0	0	0	0	0	0	0	0	0	0	0	19	0	0	0	0	86	48	0	0	0	1	[]	0	0
11	123456948	240	1	1	0	0	0	0	0	0	0	0	0	0	0	0	0	0	24	0	0	0	0	86	48	0	0	0	2	[]	0	1
12	123456948	238	3	1	0	0	0	0	0	0	0	0	0	0	0	0	0	0	29	0	0	0	0	86	48	0	0	0	3	[]	0	1
13	123456948	237	3	2	0	0	0	0	0	0	0	0	0	0	0	0	0	0	32	0	0	0	0	86	48	0	0	0	4	[]	0	1
14	123456948	237	0	5	0	0	0	0	0	0	0	0	0	0	0	0	0	0	33	0	0	0	0	86	48	0	0	0	4	[]	0	4
15	123456948	230	7	5	0	0	0	0	0	0	0	0	0	0	0	0	0	0	34	0	0	0	0	86	48	0	0	0	4	[]	0	4
16	123456948	218	17	6	1	0	0	0	0	0	0	0	0	0	0	0	0	0	38	0	0	0	0	86	48	0	0	0	4	[]	0	4
17	123456948	208	22	11	1	0	0	0	0	0	0	0	0	0	0	0	0	0	40	0	0	0	0	86	48	0	0	0	4	[]	0	4
18	123456948	196	31	11	4	0	0	0	0	0	0	0	0	0	0	0	0	0	41	0	0	0	0	86	48	0	0	0	5	[]	0	4
19	123456948	185	31	21	5	0	0	0	0	0	0	0	0	0	0	0	0	0	44	0	0	0	0	86	48	0	0	0	5	[]	0	5
20	123456948	184	25	23	10	0	0	0	0	0	0	0	0	0	0	0	0	0	45	0	0	0	0	86	48	0	0	0	6	[]	0	5
21	123456948	183	18	26	15	0	0	0	0	0	0	0	0	0	0	0	0	0	46	0	0	0	0	86	48	0	0	0	7	[]	0	5
22	123456948	146	46	28	22	0	0	0	0	0	0	0	0	0	0	0	0	0	47	0	0	0	0	86	48	0	0	0	7	[]	0	6
23	123456948	130	49	36	22	0	0	0	0	0	0	1	0	0	0	4	0	0	50	4	0	1	4	86	48	0	0	0	7	[]	0	7
24	123456948	117	47	47	26	0	0	0	0	0	0	0	1	0	0	2	2	0	50	4	0	1	4	86	48	0	0	0	7	[]	0	8
25	123456948	103	41	54	36	0	0	0	0	0	0	0	1	0	0	5	2	0	50	7	0	1	7	86	48	0	0	0	7	[]	0	8
26	123456948	85	43	53	52	0	0	0	0	0	0	1	1	0	0	5	2	0	51	7	0	2	7	86	48	0	0	0	8	[]	0	9
27	123456948	85	32	54	61	0	0	0	0	0	0	1	1	0	0	6	2	0	54	8	0	2	8	86	48	0	0	0	8	[]	0	11
28	123456948	85	23	53	69	0	0	0	0	0	0	1	1	0	0	8	2	0	54	10	0	2	10	86	48	0	0	0	8	[]	0	10
29	123456948	64	32	53	80	0	0	0	0	0	0	1	1	0	0	9	2	0	55	11	0	2	11	86	48	0	0	0	8	[]	0	11
30	123456948	44	39	54	89	0	0	0	0	0	0	1	1	0	0	11	3	0	56	14	0	2	14	86	48	0	0	0	8	[]	0	11
31	123456948	34	37	54	101	0	0	0	0	0	0	1	1	0	0	9	5	0	56	14	0	2	14	86	48	0	0	0	8	[]	0	11
32	123456948	27	36	48	109	0	0	0	0	0	0	3	1	0	0	12	6	0	58	18	0	4	18	86	48	0	0	0	8	[]	0	10
33	123456948	22	30	52	120	0	0	0	0	0	0	3	0	0	0	11	4	0	63	19	0	4	19	86	48	0	0	0	8	[]	0	11
34	123456948	22	22	46	132	0	0	0	0	0	0	5	0	0	0	6	9	0	67	19	0	6	19	86	48	0	0	0	8	[]	0	11
35	123456948	22	14	48	139	0	0	0	0	0	0	5	0	0	0	6	8	0	70	21	0	6	21	86	48	0	0	0	8	[]	0	11
36	123456948	14	17	43	148	0	0	0	0	0	0	3	1	0	0	7	9	0	74	23	0	6	23	86	48	0	0	0	8	[]	0	11
37	123456948	12	12	44	155	0	0	0	0	0	0	3	1	0	0	7	8	0	75	23	0	6	23	86	48	0	0	0	8	[]	0	11
38	123456948	8	15	37	162	0	0	0	0	0	0	3	1	0	0	8	8	0	75	26	0	6	26	86	48	0	0	0	8	[]	0	11
39	123456948	7	12	36	166	0	0	0	0	0	0	4	1	0	0	7	9	0	78	27	0	7	27	86	48	0	0	0	8	[]	0	11
40	123456948	5	10	33	175	0	0	0	0	0	0	1	4	0	0	6	8	0	80	28	0	7	28	86	48	0	0	0	8	[]	0	11
41	123456948	5	8	30	179	0	0	0	0	0	0	1	4	0	0	6	9	0	81	29	0	7	29	86	48	0	0	0	8	[]	0	10
42	123456948	5	5	29	186	0	0	0	0	0	0	2	3	0	0	5	7	0	85	30	0	9	30	86	48	0	0	0	8	[]	0	10
43	123456948	5	3	26	192	0	0	0	0	0	0	1	4	0	0	5	6	0	85	30	0	9	30	86	48	0	0	0	8	[]	0	8
44	123456948	5	2	25	194	0	0	0	0	0	0	1	2	0	0	7	6	0	88	32	0	9	32	86	48	0	0	0	8	[]	0	8
45	123456948	4	1	23	200	0	0	0	0	0	0	1	2	0	0	6	5	0	90	32	0	9	32	86	48	0	0	0	8	[]	0	8
46	123456948	4	0	21	205	0	0	0	0	0	0	1	2	0	0	6	3	0	94	32	0	9	32	86	48	0	0	0	8	[]	0	8
47	123456948	4	0	16	208	0	0	0	0	0	0	1	2	0	0	7	4	0	97	34	0	9	34	86	48	0	0	0	8	[]	0	8
48	123456948	4	0	15	212	0	0	0	0	0	0	1	2	0	0	3	5	0	98	34	0	9	34	86	48	0	0	0	8	[]	0	8
49	123456948	4	0	12	217	0	0	0	0	0	0	1	1	0	0	3	4	0	100	34	0	9	34	86	48	0	0	0	8	[]	0	8
50	123456948	4	0	9	220	0	0	0	0	0	0	2	1	0	0	3	3	0	104	34	0	10	34	86	48	0	0	0	8	[]	0	7
51	123456948	4	0	6	223	0	0	0	0	0	0	2	1	0	0	4	2	0	104	35	0	10	35	86	48	0	0	0	8	[]	0	7
52	123456948	4	0	5	225	0	0	0	0	0	0	2	0	0	0	4	2	0	108	36	0	10	36	86	48	0	0	0	8	[]	0	7
53	123456948	4	0	4	226	0	0	0	0	0	0	2	0	0	0	3	3	0	109	36	0	10	36	86	48	0	0	0	8	[]	0	5
54	123456948	4	0	4	228	0	0	0	0	0	0	2	0	0	0	2	2	0	113	36	0	10	36	86	48	0	0	0	8	[]	0	5
55	123456948	4	0	2	230	0	0	0	0	0	0	1	1	0	0	2	2	0	114	36	0	10	36	86	48	0	0	0	8	[]	0	4
56	123456948	4	0	2	230	0	0	0	0	0	0	1	1	0	0	2	2	0	116	36	0	10	36	86	48	0	0	0	8	[]	0	4
57	123456948	4	0	2	232	0	0	0	0	0	0	1	1	0	0	1	1	0	117	36	0	10	36	86	48	0	0	0	8	[]	0	4
58	123456948	4	0	2	232	0	0	0	0	0	0	1	1	0	0	1	1	0	120	36	0	10	36	86	48	0	0	0	8	[]	0	4
59	123456948	4	0	1	233	0	0	0	0	0	0	1	1	0	0	1	1	0	123	36	0	10	36	86	48	0	0	0	8	[]	0	3
60	123456948	4	0	0	235	0	0	0	0	0	0	1	0	0	0	1	1	0	125	36	0	10	36	86	48	0	0	0	8	[]	0	2
