day	seedRun	susceptible	exposed	infected	removed	susceptible-in-quarantine	exposed-in-quarantine	infected-in-quarantine	removed-in-quarantine	susceptible-in-quarantine-external-1	exposed-in-quarantine-external-1	infected-in-quarantine-external-1	removed-in-quarantine-external-1	susceptible-in-quarantine-external-2	exposed-in-quarantine-external-2	infected-in-quarantine-external-2	removed-in-quarantine-external-2	num-of-screened-agents	num-of-screened-agents-external-1	num-of-screened-agents-external-2	num-of-positive-agents	num-of-positive-agents-external-1	num-of-positive-agents-external-2	num-vaccinated	num-immunized	num-immunized-in-quarantine	num-immunized-in-quarantine-external-1	num-immunized-in-quarantine-external-2	num-infected-outside	classroom-in-quarantine	num-of-classroom-in-quarantine	classroom-with-at-least-one-infected
0	123456910	239	0	0	0	0	0	0	0	0	0	0	0	0	0	0	0	0	0	0	0	0	0	86	51	0	0	0	0	[]	0	0
1	123456910	239	0	0	0	0	0	0	0	0	0	0	0	0	0	0	0	0	1	0	0	0	0	86	51	0	0	0	0	[]	0	0
2	123456910	239	0	0	0	0	0	0	0	0	0	0	0	0	0	0	0	0	3	0	0	0	0	86	51	0	0	0	0	[]	0	0
3	123456910	239	0	0	0	0	0	0	0	0	0	0	0	0	0	0	0	0	6	0	0	0	0	86	51	0	0	0	0	[]	0	0
4	123456910	238	1	0	0	0	0	0	0	0	0	0	0	0	0	0	0	0	9	0	0	0	0	86	51	0	0	0	1	[]	0	0
5	123456910	238	1	0	0	0	0	0	0	0	0	0	0	0	0	0	0	0	11	0	0	0	0	86	51	0	0	0	1	[]	0	0
6	123456910	238	1	0	0	0	0	0	0	0	0	0	0	0	0	0	0	0	13	0	0	0	0	86	51	0	0	0	1	[]	0	0
7	123456910	238	0	1	0	0	0	0	0	0	0	0	0	0	0	0	0	0	16	0	0	0	0	86	51	0	0	0	1	[]	0	1
8	123456910	233	3	1	1	0	0	0	0	0	0	1	0	0	0	0	0	0	21	0	0	1	0	86	51	0	0	0	1	[]	0	1
9	123456910	231	3	3	1	0	0	0	0	0	0	1	0	0	0	0	0	0	22	0	0	1	0	86	51	0	0	0	1	[]	0	1
10	123456910	228	5	4	1	0	0	0	0	0	0	1	0	0	0	0	0	0	23	0	0	1	0	86	51	0	0	0	1	[]	0	1
11	123456910	226	7	4	1	0	0	0	0	0	0	1	0	0	0	0	0	0	23	0	0	1	0	86	51	0	0	0	1	[]	0	1
12	123456910	223	8	5	2	0	0	0	0	0	0	1	0	0	0	0	0	0	23	0	0	1	0	86	51	0	0	0	1	[]	0	1
13	123456910	223	5	8	2	0	0	0	0	0	0	1	0	0	0	0	0	0	27	0	0	1	0	86	51	0	0	0	1	[]	0	1
14	123456910	222	5	8	3	0	0	0	0	0	0	1	0	0	0	0	0	0	33	0	0	1	0	86	51	0	0	0	2	[]	0	1
15	123456910	215	10	10	3	0	0	0	0	0	0	1	0	0	0	0	0	0	36	0	0	1	0	86	51	0	0	0	2	[]	0	1
16	123456910	211	10	13	4	0	0	0	0	0	0	1	0	0	0	0	0	0	38	0	0	1	0	86	51	0	0	0	2	[]	0	3
17	123456910	204	14	12	8	0	0	0	0	0	0	1	0	0	0	0	0	0	40	0	0	1	0	86	51	0	0	0	2	[]	0	3
18	123456910	194	18	19	8	0	0	0	0	0	0	0	0	0	0	0	0	0	42	0	0	1	0	86	51	0	0	0	2	[]	0	3
19	123456910	178	24	27	10	0	0	0	0	0	0	0	0	0	0	0	0	0	43	0	0	1	0	86	51	0	0	0	2	[]	0	6
20	123456910	178	18	25	17	0	0	0	0	0	0	0	0	0	0	1	0	0	47	1	0	1	1	86	51	0	0	0	2	[]	0	7
21	123456910	178	11	30	18	0	0	0	0	0	0	0	0	0	0	2	0	0	49	2	0	1	2	86	51	0	0	0	2	[]	0	7
22	123456910	155	27	30	22	0	0	0	0	0	0	1	0	0	0	4	0	0	50	4	0	2	4	86	51	0	0	0	2	[]	0	8
23	123456910	132	41	35	26	0	0	0	0	0	0	1	0	0	0	3	1	0	52	4	0	2	4	86	51	0	0	0	3	[]	0	9
24	123456910	117	44	40	32	0	0	0	0	0	0	1	0	0	0	4	1	0	54	5	0	2	5	86	51	0	0	0	3	[]	0	9
25	123456910	95	47	46	43	0	0	0	0	0	0	0	1	0	0	6	1	0	54	7	0	2	7	86	51	0	0	0	3	[]	0	9
26	123456910	83	41	56	49	0	0	0	0	0	0	1	1	0	0	6	2	0	58	8	0	3	8	86	51	0	0	0	3	[]	0	10
27	123456910	83	30	57	58	0	0	0	0	0	0	0	2	0	0	6	3	0	59	9	0	3	9	86	51	0	0	0	3	[]	0	9
28	123456910	83	20	59	64	0	0	0	0	0	0	0	2	0	0	7	4	0	60	11	0	3	11	86	51	0	0	0	3	[]	0	9
29	123456910	75	18	50	80	0	0	0	0	0	0	0	2	0	0	10	4	0	60	14	0	3	14	86	51	0	0	0	3	[]	0	9
30	123456910	73	16	45	87	0	0	0	0	0	0	1	2	0	0	10	5	0	62	16	0	4	16	86	51	0	0	0	3	[]	0	9
31	123456910	68	19	39	94	0	0	0	0	0	0	1	2	0	0	10	6	0	65	18	0	4	18	86	51	0	0	0	3	[]	0	9
32	123456910	65	17	39	101	0	0	0	0	0	0	1	1	0	0	11	4	0	66	19	0	4	19	86	51	0	0	0	3	[]	0	8
33	123456910	63	15	35	106	0	0	0	0	0	0	2	1	0	0	13	4	0	68	21	0	5	21	86	51	0	0	0	3	[]	0	8
34	123456910	63	9	33	114	0	0	0	0	0	0	3	1	0	0	10	6	0	70	21	0	6	21	86	51	0	0	0	3	[]	0	8
35	123456910	63	6	32	119	0	0	0	0	0	0	2	2	0	0	9	6	0	71	22	0	6	22	86	51	0	0	0	3	[]	0	8
36	123456910	60	8	32	122	0	0	0	0	0	0	2	1	0	0	7	7	0	74	22	0	6	22	86	51	0	0	0	3	[]	0	9
37	123456910	57	6	32	126	0	0	0	0	0	0	3	1	0	0	7	7	0	75	23	0	7	23	86	51	0	0	0	3	[]	0	8
38	123456910	53	8	27	132	0	0	0	0	0	0	3	1	0	0	9	6	0	77	26	0	7	26	86	51	0	0	0	3	[]	0	8
39	123456910	50	9	23	138	0	0	0	0	0	0	4	1	0	0	7	7	0	79	28	0	8	28	86	51	0	0	0	3	[]	0	8
40	123456910	50	5	21	145	0	0	0	0	0	0	5	0	0	0	8	5	0	82	29	0	9	29	86	51	0	0	0	3	[]	0	8
41	123456910	49	5	19	149	0	0	0	0	0	0	4	1	0	0	8	4	0	83	30	0	9	30	86	51	0	0	0	4	[]	0	8
42	123456910	49	1	18	153	0	0	0	0	0	0	4	1	0	0	10	3	0	83	32	0	9	32	86	51	0	0	0	4	[]	0	8
43	123456910	39	8	16	159	0	0	0	0	0	0	2	2	0	0	10	3	0	83	34	0	9	34	86	51	0	0	0	4	[]	0	8
44	123456910	32	12	16	162	0	0	0	0	0	0	1	2	0	0	11	3	0	88	35	0	9	35	86	51	0	0	0	4	[]	0	8
45	123456910	29	13	18	163	0	0	0	0	0	0	1	2	0	0	9	4	0	91	35	0	9	35	86	51	0	0	0	4	[]	0	8
46	123456910	28	12	16	167	0	0	0	0	0	0	1	2	0	0	7	6	0	96	35	0	9	35	86	51	0	0	0	4	[]	0	7
47	123456910	28	9	19	169	0	0	0	0	0	0	0	2	0	0	6	6	0	99	35	0	9	35	86	51	0	0	0	4	[]	0	6
48	123456910	28	6	18	175	0	0	0	0	0	0	1	2	0	0	3	6	0	100	35	0	10	35	86	51	0	0	0	4	[]	0	5
49	123456910	28	5	13	181	0	0	0	0	0	0	2	1	0	0	3	6	0	101	37	0	11	37	86	51	0	0	0	4	[]	0	3
50	123456910	25	6	10	188	0	0	0	0	0	0	1	1	0	0	1	7	0	101	37	0	11	37	86	51	0	0	0	4	[]	0	2
51	123456910	25	4	11	190	0	0	0	0	0	0	0	2	0	0	1	6	0	103	37	0	11	37	86	51	0	0	0	4	[]	0	2
52	123456910	24	4	10	194	0	0	0	0	0	0	0	2	0	0	1	4	0	105	37	0	11	37	86	51	0	0	0	4	[]	0	2
53	123456910	24	3	10	197	0	0	0	0	0	0	0	2	0	0	1	2	0	105	37	0	11	37	86	51	0	0	0	4	[]	0	2
54	123456910	24	3	7	201	0	0	0	0	0	0	0	2	0	0	0	2	0	109	37	0	11	37	86	51	0	0	0	4	[]	0	2
55	123456910	24	1	7	203	0	0	0	0	0	0	0	2	0	0	0	2	0	110	37	0	11	37	86	51	0	0	0	4	[]	0	2
56	123456910	24	1	6	204	0	0	0	0	0	0	0	2	0	0	0	2	0	110	37	0	11	37	86	51	0	0	0	4	[]	0	2
57	123456910	24	1	6	204	0	0	0	0	0	0	0	2	0	0	0	2	0	115	37	0	11	37	86	51	0	0	0	4	[]	0	2
58	123456910	24	1	5	206	0	0	0	0	0	0	0	1	0	0	0	2	0	118	37	0	11	37	86	51	0	0	0	4	[]	0	2
59	123456910	24	0	6	209	0	0	0	0	0	0	0	0	0	0	0	0	0	120	37	0	11	37	86	51	0	0	0	4	[]	0	2
60	123456910	24	0	5	209	0	0	0	0	0	0	0	0	0	0	1	0	0	122	38	0	11	38	86	51	0	0	0	4	[]	0	2
