day	seedRun	susceptible	exposed	infected	removed	susceptible-in-quarantine	exposed-in-quarantine	infected-in-quarantine	removed-in-quarantine	susceptible-in-quarantine-external-1	exposed-in-quarantine-external-1	infected-in-quarantine-external-1	removed-in-quarantine-external-1	susceptible-in-quarantine-external-2	exposed-in-quarantine-external-2	infected-in-quarantine-external-2	removed-in-quarantine-external-2	num-of-screened-agents	num-of-screened-agents-external-1	num-of-screened-agents-external-2	num-of-positive-agents	num-of-positive-agents-external-1	num-of-positive-agents-external-2	num-vaccinated	num-immunized	num-immunized-in-quarantine	num-immunized-in-quarantine-external-1	num-immunized-in-quarantine-external-2	num-infected-outside	classroom-in-quarantine	num-of-classroom-in-quarantine	classroom-with-at-least-one-infected
0	123456971	237	0	0	0	0	0	0	0	0	0	0	0	0	0	0	0	0	0	0	0	0	0	86	53	0	0	0	0	[]	0	0
1	123456971	237	0	0	0	0	0	0	0	0	0	0	0	0	0	0	0	0	2	0	0	0	0	86	53	0	0	0	0	[]	0	0
2	123456971	237	0	0	0	0	0	0	0	0	0	0	0	0	0	0	0	0	6	0	0	0	0	86	53	0	0	0	0	[]	0	0
3	123456971	237	0	0	0	0	0	0	0	0	0	0	0	0	0	0	0	0	10	0	0	0	0	86	53	0	0	0	0	[]	0	0
4	123456971	237	0	0	0	0	0	0	0	0	0	0	0	0	0	0	0	0	11	0	0	0	0	86	53	0	0	0	0	[]	0	0
5	123456971	236	1	0	0	0	0	0	0	0	0	0	0	0	0	0	0	0	13	0	0	0	0	86	53	0	0	0	1	[]	0	0
6	123456971	236	1	0	0	0	0	0	0	0	0	0	0	0	0	0	0	0	16	0	0	0	0	86	53	0	0	0	1	[]	0	0
7	123456971	236	1	0	0	0	0	0	0	0	0	0	0	0	0	0	0	0	18	0	0	0	0	86	53	0	0	0	1	[]	0	0
8	123456971	233	3	1	0	0	0	0	0	0	0	0	0	0	0	0	0	0	20	0	0	0	0	86	53	0	0	0	4	[]	0	0
9	123456971	227	8	2	0	0	0	0	0	0	0	0	0	0	0	0	0	0	24	0	0	0	0	86	53	0	0	0	4	[]	0	1
10	123456971	221	12	4	0	0	0	0	0	0	0	0	0	0	0	0	0	0	30	0	0	0	0	86	53	0	0	0	4	[]	0	2
11	123456971	216	11	7	2	0	0	0	0	0	0	0	0	0	0	1	0	0	32	1	0	0	1	86	53	0	0	0	5	[]	0	5
12	123456971	205	20	7	4	0	0	0	0	0	0	0	0	0	0	1	0	0	36	1	0	0	1	86	53	0	0	0	5	[]	0	5
13	123456971	205	15	10	5	0	0	0	0	0	0	0	0	0	0	2	0	0	37	2	0	0	2	86	53	0	0	0	5	[]	0	5
14	123456971	205	10	12	8	0	0	0	0	0	0	0	0	0	0	2	0	0	38	2	0	0	2	86	53	0	0	0	5	[]	0	5
15	123456971	180	28	15	12	0	0	0	0	0	0	0	0	0	0	1	1	0	41	2	0	0	2	86	53	0	0	0	5	[]	0	4
16	123456971	170	28	21	16	0	0	0	0	0	0	0	0	0	0	1	1	0	45	2	0	0	2	86	53	0	0	0	5	[]	0	5
17	123456971	155	35	26	17	0	0	0	0	0	0	1	0	0	0	2	1	0	47	3	0	1	3	86	53	0	0	0	5	[]	0	5
18	123456971	134	50	22	24	0	0	0	0	0	0	1	0	0	0	5	1	0	47	6	0	1	6	86	53	0	0	0	5	[]	0	5
19	123456971	123	46	33	28	0	0	0	0	0	0	1	0	0	0	4	2	0	48	6	0	1	6	86	53	0	0	0	5	[]	0	7
20	123456971	123	35	42	30	0	0	0	0	0	0	1	0	0	0	4	2	0	48	6	0	1	6	86	53	0	0	0	5	[]	0	8
21	123456971	123	27	41	37	0	0	0	0	0	0	2	0	0	0	5	2	0	50	8	0	2	8	86	53	0	0	0	5	[]	0	9
22	123456971	89	46	45	45	0	0	0	0	0	0	2	1	0	0	7	2	0	54	10	0	3	10	86	53	0	0	0	5	[]	0	10
23	123456971	68	49	57	52	0	0	0	0	0	0	2	1	0	0	5	3	0	59	10	0	3	10	86	53	0	0	0	5	[]	0	11
24	123456971	46	48	75	55	0	0	0	0	0	0	2	1	0	0	7	3	0	61	12	0	3	12	86	53	0	0	0	5	[]	0	11
25	123456971	31	45	78	69	0	0	0	0	0	0	2	1	0	0	7	4	0	64	13	0	3	13	86	53	0	0	0	5	[]	0	12
26	123456971	22	41	79	75	0	0	0	0	0	0	4	1	0	0	11	4	0	67	17	0	5	17	86	53	0	0	0	5	[]	0	12
27	123456971	22	26	70	98	0	0	0	0	0	0	5	0	0	0	11	5	0	70	19	0	6	19	86	53	0	0	0	5	[]	0	12
28	123456971	22	18	69	104	0	0	0	0	0	0	7	0	0	0	12	5	0	75	23	0	8	23	86	53	0	0	0	5	[]	0	12
29	123456971	16	16	62	116	0	0	0	0	0	0	8	0	0	0	12	7	0	78	25	0	9	25	86	53	0	0	0	5	[]	0	12
30	123456971	9	14	58	125	0	0	0	0	0	0	7	2	0	0	14	8	0	82	28	0	10	28	86	53	0	0	0	5	[]	0	12
31	123456971	6	10	54	135	0	0	0	0	0	0	6	2	0	0	17	7	0	83	32	0	10	32	86	53	0	0	0	5	[]	0	12
32	123456971	5	6	49	143	0	0	0	0	0	0	7	2	0	0	17	8	0	86	35	0	12	35	86	53	0	0	0	5	[]	0	12
33	123456971	5	6	38	153	0	0	0	0	0	0	5	4	0	0	15	11	0	87	36	0	12	36	86	53	0	0	0	5	[]	0	12
34	123456971	5	3	33	161	0	0	0	0	0	0	6	4	0	0	15	10	0	93	37	0	13	37	86	53	0	0	0	5	[]	0	12
35	123456971	5	2	30	165	0	0	0	0	0	0	4	6	0	0	12	13	0	98	38	0	13	38	86	53	0	0	0	5	[]	0	12
36	123456971	5	1	28	173	0	0	0	0	0	0	4	5	0	0	9	12	0	101	38	0	14	38	86	53	0	0	0	5	[]	0	12
37	123456971	5	1	23	179	0	0	0	0	0	0	4	4	0	0	10	11	0	102	40	0	14	40	86	53	0	0	0	5	[]	0	12
38	123456971	4	2	21	186	0	0	0	0	0	0	2	4	0	0	9	9	0	103	41	0	14	41	86	53	0	0	0	5	[]	0	12
39	123456971	3	3	12	197	0	0	0	0	0	0	2	3	0	0	9	8	0	104	42	0	14	42	86	53	0	0	0	5	[]	0	10
40	123456971	3	1	15	200	0	0	0	0	0	0	2	2	0	0	7	7	0	105	42	0	14	42	86	53	0	0	0	5	[]	0	10
41	123456971	3	1	12	206	0	0	0	0	0	0	2	3	0	0	6	4	0	108	42	0	15	42	86	53	0	0	0	5	[]	0	10
42	123456971	3	0	11	212	0	0	0	0	0	0	3	1	0	0	5	2	0	110	42	0	16	42	86	53	0	0	0	5	[]	0	8
43	123456971	3	0	10	214	0	0	0	0	0	0	2	2	0	0	3	3	0	112	42	0	16	42	86	53	0	0	0	5	[]	0	7
44	123456971	3	0	9	216	0	0	0	0	0	0	1	2	0	0	4	2	0	114	43	0	16	43	86	53	0	0	0	5	[]	0	7
45	123456971	3	0	8	218	0	0	0	0	0	0	1	2	0	0	3	2	0	116	43	0	16	43	86	53	0	0	0	5	[]	0	6
46	123456971	3	0	7	220	0	0	0	0	0	0	1	1	0	0	3	2	0	120	43	0	16	43	86	53	0	0	0	5	[]	0	6
47	123456971	3	0	8	221	0	0	0	0	0	0	1	1	0	0	2	1	0	120	43	0	16	43	86	53	0	0	0	5	[]	0	6
48	123456971	3	0	6	224	0	0	0	0	0	0	1	1	0	0	2	0	0	122	43	0	16	43	86	53	0	0	0	5	[]	0	5
49	123456971	3	0	5	225	0	0	0	0	0	0	2	1	0	0	1	0	0	125	43	0	17	43	86	53	0	0	0	5	[]	0	5
50	123456971	3	0	3	227	0	0	0	0	0	0	1	2	0	0	1	0	0	126	43	0	17	43	86	53	0	0	0	5	[]	0	3
51	123456971	3	0	4	227	0	0	0	0	0	0	0	2	0	0	1	0	0	126	43	0	17	43	86	53	0	0	0	5	[]	0	3
52	123456971	3	0	3	229	0	0	0	0	0	0	0	1	0	0	1	0	0	127	43	0	17	43	86	53	0	0	0	5	[]	0	2
53	123456971	3	0	3	229	0	0	0	0	0	0	0	1	0	0	1	0	0	129	43	0	17	43	86	53	0	0	0	5	[]	0	2
54	123456971	3	0	4	229	0	0	0	0	0	0	0	1	0	0	0	0	0	131	43	0	17	43	86	53	0	0	0	5	[]	0	2
55	123456971	3	0	3	230	0	0	0	0	0	0	0	1	0	0	0	0	0	131	43	0	17	43	86	53	0	0	0	5	[]	0	1
56	123456971	3	0	2	231	0	0	0	0	0	0	0	1	0	0	0	0	0	133	43	0	17	43	86	53	0	0	0	5	[]	0	0
57	123456971	3	0	2	231	0	0	0	0	0	0	0	1	0	0	0	0	0	135	43	0	17	43	86	53	0	0	0	5	[]	0	0
58	123456971	3	0	2	231	0	0	0	0	0	0	0	1	0	0	0	0	0	135	43	0	17	43	86	53	0	0	0	5	[]	0	0
59	123456971	3	0	1	233	0	0	0	0	0	0	0	0	0	0	0	0	0	140	43	0	17	43	86	53	0	0	0	5	[]	0	0
60	123456971	3	0	1	233	0	0	0	0	0	0	0	0	0	0	0	0	0	143	43	0	17	43	86	53	0	0	0	5	[]	0	0
