day	seedRun	susceptible	exposed	infected	removed	susceptible-in-quarantine	exposed-in-quarantine	infected-in-quarantine	removed-in-quarantine	susceptible-in-quarantine-external-1	exposed-in-quarantine-external-1	infected-in-quarantine-external-1	removed-in-quarantine-external-1	susceptible-in-quarantine-external-2	exposed-in-quarantine-external-2	infected-in-quarantine-external-2	removed-in-quarantine-external-2	num-of-screened-agents	num-of-screened-agents-external-1	num-of-screened-agents-external-2	num-of-positive-agents	num-of-positive-agents-external-1	num-of-positive-agents-external-2	num-vaccinated	num-immunized	num-immunized-in-quarantine	num-immunized-in-quarantine-external-1	num-immunized-in-quarantine-external-2	num-infected-outside	classroom-in-quarantine	num-of-classroom-in-quarantine	classroom-with-at-least-one-infected
0	123456849	250	0	0	0	0	0	0	0	0	0	0	0	0	0	0	0	0	0	0	0	0	0	86	40	0	0	0	0	[]	0	0
1	123456849	250	0	0	0	0	0	0	0	0	0	0	0	0	0	0	0	0	1	0	0	0	0	86	40	0	0	0	0	[]	0	0
2	123456849	250	0	0	0	0	0	0	0	0	0	0	0	0	0	0	0	0	2	0	0	0	0	86	40	0	0	0	0	[]	0	0
3	123456849	249	1	0	0	0	0	0	0	0	0	0	0	0	0	0	0	0	7	0	0	0	0	86	40	0	0	0	1	[]	0	0
4	123456849	249	1	0	0	0	0	0	0	0	0	0	0	0	0	0	0	0	8	0	0	0	0	86	40	0	0	0	1	[]	0	0
5	123456849	249	1	0	0	0	0	0	0	0	0	0	0	0	0	0	0	0	9	0	0	0	0	86	40	0	0	0	1	[]	0	0
6	123456849	249	1	0	0	0	0	0	0	0	0	0	0	0	0	0	0	0	11	0	0	0	0	86	40	0	0	0	1	[]	0	0
7	123456849	249	1	0	0	0	0	0	0	0	0	0	0	0	0	0	0	0	14	0	0	0	0	86	40	0	0	0	1	[]	0	0
8	123456849	249	1	0	0	0	0	0	0	0	0	0	0	0	0	0	0	0	14	0	0	0	0	86	40	0	0	0	1	[]	0	0
9	123456849	249	1	0	0	0	0	0	0	0	0	0	0	0	0	0	0	0	15	0	0	0	0	86	40	0	0	0	1	[]	0	0
10	123456849	249	1	0	0	0	0	0	0	0	0	0	0	0	0	0	0	0	17	0	0	0	0	86	40	0	0	0	1	[]	0	0
11	123456849	248	1	1	0	0	0	0	0	0	0	0	0	0	0	0	0	0	20	0	0	0	0	86	40	0	0	0	2	[]	0	1
12	123456849	244	5	0	1	0	0	0	0	0	0	0	0	0	0	0	0	0	24	0	0	0	0	86	40	0	0	0	3	[]	0	0
13	123456849	244	4	1	1	0	0	0	0	0	0	0	0	0	0	0	0	0	26	0	0	0	0	86	40	0	0	0	3	[]	0	1
14	123456849	244	2	3	1	0	0	0	0	0	0	0	0	0	0	0	0	0	31	0	0	0	0	86	40	0	0	0	3	[]	0	3
15	123456849	233	12	4	1	0	0	0	0	0	0	0	0	0	0	0	0	0	32	0	0	0	0	86	40	0	0	0	3	[]	0	3
16	123456849	223	15	10	2	0	0	0	0	0	0	0	0	0	0	0	0	0	34	0	0	0	0	86	40	0	0	0	3	[]	0	3
17	123456849	213	18	13	5	0	0	0	0	0	0	1	0	0	0	0	0	0	37	0	0	1	0	86	40	0	0	0	3	[]	0	3
18	123456849	203	22	15	7	0	0	0	0	0	0	2	0	0	0	1	0	0	40	1	0	2	1	86	40	0	0	0	3	[]	0	3
19	123456849	194	22	20	9	0	0	0	0	0	0	2	0	0	0	3	0	0	44	3	0	2	3	86	40	0	0	0	3	[]	0	3
20	123456849	194	19	16	16	0	0	0	0	0	0	2	0	0	0	3	0	0	47	3	0	2	3	86	40	0	0	0	3	[]	0	3
21	123456849	192	12	21	20	0	0	0	0	0	0	1	1	0	0	2	1	0	51	3	0	2	3	86	40	0	0	0	5	[]	0	4
22	123456849	178	23	22	21	0	0	0	0	0	0	1	1	0	0	3	1	0	55	4	0	2	4	86	40	0	0	0	5	[]	0	5
23	123456849	162	28	28	25	0	0	0	0	0	0	0	2	0	0	4	1	0	56	5	0	2	5	86	40	0	0	0	5	[]	0	6
24	123456849	140	39	28	32	0	0	0	0	0	0	1	2	0	0	7	1	0	60	8	0	3	8	86	40	0	0	0	5	[]	0	6
25	123456849	120	43	38	36	0	0	0	0	0	0	1	2	0	0	9	1	0	63	10	0	3	10	86	40	0	0	0	5	[]	0	8
26	123456849	106	42	45	42	0	0	0	0	0	0	2	2	0	0	9	2	0	66	11	0	4	11	86	40	0	0	0	5	[]	0	9
27	123456849	106	32	48	49	0	0	0	0	0	0	3	1	0	0	9	2	0	68	11	0	5	11	86	40	0	0	0	5	[]	0	9
28	123456849	106	26	51	54	0	0	0	0	0	0	3	0	0	0	7	3	0	70	11	0	5	11	86	40	0	0	0	5	[]	0	8
29	123456849	92	31	54	62	0	0	0	0	0	0	3	0	0	0	6	2	0	71	11	0	5	11	86	40	0	0	0	5	[]	0	8
30	123456849	83	29	55	70	0	0	0	0	0	0	4	0	0	0	5	4	0	74	12	0	6	12	86	40	0	0	0	5	[]	0	8
31	123456849	77	30	53	74	0	0	0	0	0	0	3	1	0	0	8	4	0	74	15	0	6	15	86	40	0	0	0	6	[]	0	8
32	123456849	71	23	52	85	0	0	0	0	0	0	3	2	0	0	10	4	0	80	18	0	7	18	86	40	0	0	0	6	[]	0	9
33	123456849	64	27	49	92	0	0	0	0	0	0	3	2	0	0	8	5	0	82	18	0	7	18	86	40	0	0	0	7	[]	0	10
34	123456849	64	22	48	101	0	0	0	0	0	0	2	2	0	0	7	4	0	84	19	0	7	19	86	40	0	0	0	7	[]	0	9
35	123456849	64	15	42	113	0	0	0	0	0	0	3	2	0	0	9	2	0	86	21	0	8	21	86	40	0	0	0	7	[]	0	9
36	123456849	56	15	45	118	0	0	0	0	0	0	3	2	0	0	8	3	0	90	22	0	9	22	86	40	0	0	0	7	[]	0	10
37	123456849	47	21	37	127	0	0	0	0	0	0	3	1	0	0	11	3	0	91	25	0	9	25	86	40	0	0	0	7	[]	0	11
38	123456849	35	25	41	130	0	0	0	0	0	0	3	1	0	0	11	4	0	92	26	0	9	26	86	40	0	0	0	7	[]	0	11
39	123456849	18	33	41	137	0	0	0	0	0	0	2	2	0	0	11	6	0	93	28	0	9	28	86	40	0	0	0	7	[]	0	12
40	123456849	11	28	46	143	0	0	0	0	0	0	2	1	0	0	12	7	0	94	31	0	9	31	86	40	0	0	0	7	[]	0	12
41	123456849	11	20	48	150	0	0	0	0	0	0	2	2	0	0	10	7	0	97	32	0	10	32	86	40	0	0	0	7	[]	0	12
42	123456849	11	17	46	157	0	0	0	0	0	0	1	2	0	0	11	5	0	99	34	0	10	34	86	40	0	0	0	7	[]	0	12
43	123456849	6	20	41	163	0	0	0	0	0	0	1	2	0	0	10	7	0	100	35	0	10	35	86	40	0	0	0	7	[]	0	11
44	123456849	5	15	39	169	0	0	0	0	0	0	2	2	0	0	11	7	0	101	37	0	11	37	86	40	0	0	0	7	[]	0	11
45	123456849	5	11	35	179	0	0	0	0	0	0	3	1	0	0	10	6	0	103	37	0	12	37	86	40	0	0	0	7	[]	0	10
46	123456849	4	10	29	188	0	0	0	0	0	0	2	1	0	0	9	7	0	105	38	0	12	38	86	40	0	0	0	7	[]	0	10
47	123456849	4	8	31	191	0	0	0	0	0	0	1	2	0	0	8	5	0	106	38	0	12	38	86	40	0	0	0	7	[]	0	10
48	123456849	4	5	30	196	0	0	0	0	0	0	1	2	0	0	7	5	0	108	38	0	12	38	86	40	0	0	0	7	[]	0	10
49	123456849	4	5	25	203	0	0	0	0	0	0	1	2	0	0	5	5	0	109	38	0	12	38	86	40	0	0	0	7	[]	0	8
50	123456849	4	2	28	205	0	0	0	0	0	0	2	2	0	0	3	4	0	111	38	0	13	38	86	40	0	0	0	7	[]	0	8
51	123456849	3	3	22	212	0	0	0	0	0	0	2	1	0	0	4	3	0	116	39	0	13	39	86	40	0	0	0	7	[]	0	7
52	123456849	3	3	23	213	0	0	0	0	0	0	1	2	0	0	2	3	0	121	39	0	13	39	86	40	0	0	0	7	[]	0	7
53	123456849	3	3	18	219	0	0	0	0	0	0	1	2	0	0	2	2	0	124	39	0	13	39	86	40	0	0	0	7	[]	0	7
54	123456849	3	2	20	221	0	0	0	0	0	0	1	1	0	0	1	1	0	124	39	0	13	39	86	40	0	0	0	7	[]	0	7
55	123456849	3	2	18	223	0	0	0	0	0	0	0	1	0	0	2	1	0	127	40	0	13	40	86	40	0	0	0	7	[]	0	7
56	123456849	3	2	16	226	0	0	0	0	0	0	0	1	0	0	2	0	0	129	40	0	13	40	86	40	0	0	0	7	[]	0	7
57	123456849	3	2	13	229	0	0	0	0	0	0	0	1	0	0	2	0	0	129	40	0	13	40	86	40	0	0	0	7	[]	0	7
58	123456849	3	0	11	231	0	0	0	0	0	0	1	1	0	0	3	0	0	133	41	0	14	41	86	40	0	0	0	7	[]	0	6
59	123456849	2	0	8	235	0	0	0	0	0	0	1	1	0	0	2	1	0	137	41	0	14	41	86	40	0	0	0	7	[]	0	4
60	123456849	2	0	4	240	0	0	0	0	0	0	1	0	0	0	2	1	0	139	41	0	14	41	86	40	0	0	0	7	[]	0	3
