day	seedRun	susceptible	exposed	infected	removed	susceptible-in-quarantine	exposed-in-quarantine	infected-in-quarantine	removed-in-quarantine	susceptible-in-quarantine-external-1	exposed-in-quarantine-external-1	infected-in-quarantine-external-1	removed-in-quarantine-external-1	susceptible-in-quarantine-external-2	exposed-in-quarantine-external-2	infected-in-quarantine-external-2	removed-in-quarantine-external-2	num-of-screened-agents	num-of-screened-agents-external-1	num-of-screened-agents-external-2	num-of-positive-agents	num-of-positive-agents-external-1	num-of-positive-agents-external-2	num-vaccinated	num-immunized	num-immunized-in-quarantine	num-immunized-in-quarantine-external-1	num-immunized-in-quarantine-external-2	num-infected-outside	classroom-in-quarantine	num-of-classroom-in-quarantine	classroom-with-at-least-one-infected
0	123456821	290	0	0	0	0	0	0	0	0	0	0	0	0	0	0	0	0	0	0	0	0	0	0	0	0	0	0	0	[]	0	0
1	123456821	290	0	0	0	0	0	0	0	0	0	0	0	0	0	0	0	0	0	0	0	0	0	0	0	0	0	0	0	[]	0	0
2	123456821	290	0	0	0	0	0	0	0	0	0	0	0	0	0	0	0	0	0	0	0	0	0	0	0	0	0	0	0	[]	0	0
3	123456821	290	0	0	0	0	0	0	0	0	0	0	0	0	0	0	0	0	0	0	0	0	0	0	0	0	0	0	0	[]	0	0
4	123456821	290	0	0	0	0	0	0	0	0	0	0	0	0	0	0	0	0	0	0	0	0	0	0	0	0	0	0	0	[]	0	0
5	123456821	290	0	0	0	0	0	0	0	0	0	0	0	0	0	0	0	0	0	0	0	0	0	0	0	0	0	0	0	[]	0	0
6	123456821	290	0	0	0	0	0	0	0	0	0	0	0	0	0	0	0	0	0	0	0	0	0	0	0	0	0	0	0	[]	0	0
7	123456821	289	1	0	0	0	0	0	0	0	0	0	0	0	0	0	0	0	0	0	0	0	0	0	0	0	0	0	1	[]	0	0
8	123456821	289	0	1	0	0	0	0	0	0	0	0	0	0	0	0	0	0	0	0	0	0	0	0	0	0	0	0	1	[]	0	1
9	123456821	276	9	5	0	0	0	0	0	0	0	0	0	0	0	0	0	0	0	0	0	0	0	0	0	0	0	0	1	[]	0	1
10	123456821	265	16	9	0	0	0	0	0	0	0	0	0	0	0	0	0	0	0	0	0	0	0	0	0	0	0	0	1	[]	0	1
11	123456821	259	18	12	1	0	0	0	0	0	0	0	0	0	0	0	0	0	0	0	0	0	0	0	0	0	0	0	2	[]	0	3
12	123456821	239	31	17	3	0	0	0	0	0	0	0	0	0	0	0	0	0	0	0	0	0	0	0	0	0	0	0	2	[]	0	3
13	123456821	239	23	22	6	0	0	0	0	0	0	0	0	0	0	0	0	0	0	0	0	0	0	0	0	0	0	0	2	[]	0	4
14	123456821	239	16	26	9	0	0	0	0	0	0	0	0	0	0	0	0	0	0	0	0	0	0	0	0	0	0	0	2	[]	0	4
15	123456821	159	77	39	15	0	0	0	0	0	0	0	0	0	0	0	0	0	0	0	0	0	0	0	0	0	0	0	2	[]	0	7
16	123456821	109	98	61	22	0	0	0	0	0	0	0	0	0	0	0	0	0	0	0	0	0	0	0	0	0	0	0	2	[]	0	7
17	123456821	72	103	87	28	0	0	0	0	0	0	0	0	0	0	0	0	0	0	0	0	0	0	0	0	0	0	0	2	[]	0	10
18	123456821	33	103	110	44	0	0	0	0	0	0	0	0	0	0	0	0	0	0	0	0	0	0	0	0	0	0	0	2	[]	0	12
19	123456821	11	97	120	62	0	0	0	0	0	0	0	0	0	0	0	0	0	0	0	0	0	0	0	0	0	0	0	2	[]	0	12
20	123456821	11	68	134	77	0	0	0	0	0	0	0	0	0	0	0	0	0	0	0	0	0	0	0	0	0	0	0	2	[]	0	12
21	123456821	11	49	137	93	0	0	0	0	0	0	0	0	0	0	0	0	0	0	0	0	0	0	0	0	0	0	0	2	[]	0	12
22	123456821	5	40	134	111	0	0	0	0	0	0	0	0	0	0	0	0	0	0	0	0	0	0	0	0	0	0	0	2	[]	0	12
23	123456821	3	30	140	117	0	0	0	0	0	0	0	0	0	0	0	0	0	0	0	0	0	0	0	0	0	0	0	2	[]	0	12
24	123456821	3	21	130	136	0	0	0	0	0	0	0	0	0	0	0	0	0	0	0	0	0	0	0	0	0	0	0	2	[]	0	12
25	123456821	1	19	116	154	0	0	0	0	0	0	0	0	0	0	0	0	0	0	0	0	0	0	0	0	0	0	0	2	[]	0	12
26	123456821	1	12	108	169	0	0	0	0	0	0	0	0	0	0	0	0	0	0	0	0	0	0	0	0	0	0	0	2	[]	0	12
27	123456821	1	9	93	187	0	0	0	0	0	0	0	0	0	0	0	0	0	0	0	0	0	0	0	0	0	0	0	2	[]	0	12
28	123456821	1	6	84	199	0	0	0	0	0	0	0	0	0	0	0	0	0	0	0	0	0	0	0	0	0	0	0	2	[]	0	12
29	123456821	1	6	73	210	0	0	0	0	0	0	0	0	0	0	0	0	0	0	0	0	0	0	0	0	0	0	0	2	[]	0	12
30	123456821	1	5	65	219	0	0	0	0	0	0	0	0	0	0	0	0	0	0	0	0	0	0	0	0	0	0	0	2	[]	0	12
31	123456821	1	4	57	228	0	0	0	0	0	0	0	0	0	0	0	0	0	0	0	0	0	0	0	0	0	0	0	2	[]	0	12
32	123456821	1	3	52	234	0	0	0	0	0	0	0	0	0	0	0	0	0	0	0	0	0	0	0	0	0	0	0	2	[]	0	11
33	123456821	0	1	50	239	0	0	0	0	0	0	0	0	0	0	0	0	0	0	0	0	0	0	0	0	0	0	0	2	[]	0	11
34	123456821	0	1	42	247	0	0	0	0	0	0	0	0	0	0	0	0	0	0	0	0	0	0	0	0	0	0	0	2	[]	0	10
35	123456821	0	1	39	250	0	0	0	0	0	0	0	0	0	0	0	0	0	0	0	0	0	0	0	0	0	0	0	2	[]	0	10
36	123456821	0	1	32	257	0	0	0	0	0	0	0	0	0	0	0	0	0	0	0	0	0	0	0	0	0	0	0	2	[]	0	10
37	123456821	0	1	29	260	0	0	0	0	0	0	0	0	0	0	0	0	0	0	0	0	0	0	0	0	0	0	0	2	[]	0	10
38	123456821	0	0	24	266	0	0	0	0	0	0	0	0	0	0	0	0	0	0	0	0	0	0	0	0	0	0	0	2	[]	0	10
39	123456821	0	0	18	272	0	0	0	0	0	0	0	0	0	0	0	0	0	0	0	0	0	0	0	0	0	0	0	2	[]	0	9
40	123456821	0	0	15	275	0	0	0	0	0	0	0	0	0	0	0	0	0	0	0	0	0	0	0	0	0	0	0	2	[]	0	8
41	123456821	0	0	11	279	0	0	0	0	0	0	0	0	0	0	0	0	0	0	0	0	0	0	0	0	0	0	0	2	[]	0	7
42	123456821	0	0	9	281	0	0	0	0	0	0	0	0	0	0	0	0	0	0	0	0	0	0	0	0	0	0	0	2	[]	0	5
43	123456821	0	0	7	283	0	0	0	0	0	0	0	0	0	0	0	0	0	0	0	0	0	0	0	0	0	0	0	2	[]	0	3
44	123456821	0	0	7	283	0	0	0	0	0	0	0	0	0	0	0	0	0	0	0	0	0	0	0	0	0	0	0	2	[]	0	3
45	123456821	0	0	6	284	0	0	0	0	0	0	0	0	0	0	0	0	0	0	0	0	0	0	0	0	0	0	0	2	[]	0	3
46	123456821	0	0	5	285	0	0	0	0	0	0	0	0	0	0	0	0	0	0	0	0	0	0	0	0	0	0	0	2	[]	0	3
47	123456821	0	0	5	285	0	0	0	0	0	0	0	0	0	0	0	0	0	0	0	0	0	0	0	0	0	0	0	2	[]	0	3
48	123456821	0	0	5	285	0	0	0	0	0	0	0	0	0	0	0	0	0	0	0	0	0	0	0	0	0	0	0	2	[]	0	3
49	123456821	0	0	5	285	0	0	0	0	0	0	0	0	0	0	0	0	0	0	0	0	0	0	0	0	0	0	0	2	[]	0	3
50	123456821	0	0	5	285	0	0	0	0	0	0	0	0	0	0	0	0	0	0	0	0	0	0	0	0	0	0	0	2	[]	0	3
51	123456821	0	0	5	285	0	0	0	0	0	0	0	0	0	0	0	0	0	0	0	0	0	0	0	0	0	0	0	2	[]	0	3
52	123456821	0	0	4	286	0	0	0	0	0	0	0	0	0	0	0	0	0	0	0	0	0	0	0	0	0	0	0	2	[]	0	3
53	123456821	0	0	3	287	0	0	0	0	0	0	0	0	0	0	0	0	0	0	0	0	0	0	0	0	0	0	0	2	[]	0	2
54	123456821	0	0	3	287	0	0	0	0	0	0	0	0	0	0	0	0	0	0	0	0	0	0	0	0	0	0	0	2	[]	0	2
55	123456821	0	0	3	287	0	0	0	0	0	0	0	0	0	0	0	0	0	0	0	0	0	0	0	0	0	0	0	2	[]	0	2
56	123456821	0	0	3	287	0	0	0	0	0	0	0	0	0	0	0	0	0	0	0	0	0	0	0	0	0	0	0	2	[]	0	2
57	123456821	0	0	2	288	0	0	0	0	0	0	0	0	0	0	0	0	0	0	0	0	0	0	0	0	0	0	0	2	[]	0	2
58	123456821	0	0	2	288	0	0	0	0	0	0	0	0	0	0	0	0	0	0	0	0	0	0	0	0	0	0	0	2	[]	0	2
59	123456821	0	0	1	289	0	0	0	0	0	0	0	0	0	0	0	0	0	0	0	0	0	0	0	0	0	0	0	2	[]	0	1
60	123456821	0	0	1	289	0	0	0	0	0	0	0	0	0	0	0	0	0	0	0	0	0	0	0	0	0	0	0	2	[]	0	1
