day	seedRun	susceptible	exposed	infected	removed	susceptible-in-quarantine	exposed-in-quarantine	infected-in-quarantine	removed-in-quarantine	susceptible-in-quarantine-external-1	exposed-in-quarantine-external-1	infected-in-quarantine-external-1	removed-in-quarantine-external-1	susceptible-in-quarantine-external-2	exposed-in-quarantine-external-2	infected-in-quarantine-external-2	removed-in-quarantine-external-2	num-of-screened-agents	num-of-screened-agents-external-1	num-of-screened-agents-external-2	num-of-positive-agents	num-of-positive-agents-external-1	num-of-positive-agents-external-2	num-vaccinated	num-immunized	num-immunized-in-quarantine	num-immunized-in-quarantine-external-1	num-immunized-in-quarantine-external-2	num-infected-outside	classroom-in-quarantine	num-of-classroom-in-quarantine	classroom-with-at-least-one-infected
0	123456801	290	0	0	0	0	0	0	0	0	0	0	0	0	0	0	0	0	0	0	0	0	0	0	0	0	0	0	0	[]	0	0
1	123456801	290	0	0	0	0	0	0	0	0	0	0	0	0	0	0	0	0	0	0	0	0	0	0	0	0	0	0	0	[]	0	0
2	123456801	290	0	0	0	0	0	0	0	0	0	0	0	0	0	0	0	0	0	0	0	0	0	0	0	0	0	0	0	[]	0	0
3	123456801	289	0	1	0	0	0	0	0	0	0	0	0	0	0	0	0	0	0	0	0	0	0	0	0	0	0	0	1	[]	0	1
4	123456801	276	13	1	0	0	0	0	0	0	0	0	0	0	0	0	0	0	0	0	0	0	0	0	0	0	0	0	2	[]	0	1
5	123456801	268	17	4	1	0	0	0	0	0	0	0	0	0	0	0	0	0	0	0	0	0	0	0	0	0	0	0	3	[]	0	1
6	123456801	267	9	11	3	0	0	0	0	0	0	0	0	0	0	0	0	0	0	0	0	0	0	0	0	0	0	0	4	[]	0	3
7	123456801	267	7	13	3	0	0	0	0	0	0	0	0	0	0	0	0	0	0	0	0	0	0	0	0	0	0	0	4	[]	0	3
8	123456801	235	32	17	6	0	0	0	0	0	0	0	0	0	0	0	0	0	0	0	0	0	0	0	0	0	0	0	4	[]	0	3
9	123456801	216	41	21	12	0	0	0	0	0	0	0	0	0	0	0	0	0	0	0	0	0	0	0	0	0	0	0	4	[]	0	3
10	123456801	165	77	29	19	0	0	0	0	0	0	0	0	0	0	0	0	0	0	0	0	0	0	0	0	0	0	0	4	[]	0	6
11	123456801	131	85	51	23	0	0	0	0	0	0	0	0	0	0	0	0	0	0	0	0	0	0	0	0	0	0	0	4	[]	0	7
12	123456801	92	101	65	32	0	0	0	0	0	0	0	0	0	0	0	0	0	0	0	0	0	0	0	0	0	0	0	4	[]	0	8
13	123456801	92	74	80	44	0	0	0	0	0	0	0	0	0	0	0	0	0	0	0	0	0	0	0	0	0	0	0	4	[]	0	8
14	123456801	92	49	90	59	0	0	0	0	0	0	0	0	0	0	0	0	0	0	0	0	0	0	0	0	0	0	0	4	[]	0	10
15	123456801	41	79	95	75	0	0	0	0	0	0	0	0	0	0	0	0	0	0	0	0	0	0	0	0	0	0	0	4	[]	0	10
16	123456801	16	81	109	84	0	0	0	0	0	0	0	0	0	0	0	0	0	0	0	0	0	0	0	0	0	0	0	4	[]	0	11
17	123456801	2	73	113	102	0	0	0	0	0	0	0	0	0	0	0	0	0	0	0	0	0	0	0	0	0	0	0	4	[]	0	12
18	123456801	2	54	113	121	0	0	0	0	0	0	0	0	0	0	0	0	0	0	0	0	0	0	0	0	0	0	0	4	[]	0	12
19	123456801	1	33	119	137	0	0	0	0	0	0	0	0	0	0	0	0	0	0	0	0	0	0	0	0	0	0	0	4	[]	0	12
20	123456801	1	23	112	154	0	0	0	0	0	0	0	0	0	0	0	0	0	0	0	0	0	0	0	0	0	0	0	4	[]	0	12
21	123456801	1	16	106	167	0	0	0	0	0	0	0	0	0	0	0	0	0	0	0	0	0	0	0	0	0	0	0	4	[]	0	12
22	123456801	0	7	105	178	0	0	0	0	0	0	0	0	0	0	0	0	0	0	0	0	0	0	0	0	0	0	0	4	[]	0	12
23	123456801	0	5	93	192	0	0	0	0	0	0	0	0	0	0	0	0	0	0	0	0	0	0	0	0	0	0	0	4	[]	0	12
24	123456801	0	4	83	203	0	0	0	0	0	0	0	0	0	0	0	0	0	0	0	0	0	0	0	0	0	0	0	4	[]	0	11
25	123456801	0	1	77	212	0	0	0	0	0	0	0	0	0	0	0	0	0	0	0	0	0	0	0	0	0	0	0	4	[]	0	11
26	123456801	0	1	66	223	0	0	0	0	0	0	0	0	0	0	0	0	0	0	0	0	0	0	0	0	0	0	0	4	[]	0	11
27	123456801	0	0	56	234	0	0	0	0	0	0	0	0	0	0	0	0	0	0	0	0	0	0	0	0	0	0	0	4	[]	0	11
28	123456801	0	0	45	245	0	0	0	0	0	0	0	0	0	0	0	0	0	0	0	0	0	0	0	0	0	0	0	4	[]	0	11
29	123456801	0	0	39	251	0	0	0	0	0	0	0	0	0	0	0	0	0	0	0	0	0	0	0	0	0	0	0	4	[]	0	10
30	123456801	0	0	33	257	0	0	0	0	0	0	0	0	0	0	0	0	0	0	0	0	0	0	0	0	0	0	0	4	[]	0	10
31	123456801	0	0	30	260	0	0	0	0	0	0	0	0	0	0	0	0	0	0	0	0	0	0	0	0	0	0	0	4	[]	0	10
32	123456801	0	0	27	263	0	0	0	0	0	0	0	0	0	0	0	0	0	0	0	0	0	0	0	0	0	0	0	4	[]	0	10
33	123456801	0	0	25	265	0	0	0	0	0	0	0	0	0	0	0	0	0	0	0	0	0	0	0	0	0	0	0	4	[]	0	9
34	123456801	0	0	23	267	0	0	0	0	0	0	0	0	0	0	0	0	0	0	0	0	0	0	0	0	0	0	0	4	[]	0	9
35	123456801	0	0	22	268	0	0	0	0	0	0	0	0	0	0	0	0	0	0	0	0	0	0	0	0	0	0	0	4	[]	0	9
36	123456801	0	0	19	271	0	0	0	0	0	0	0	0	0	0	0	0	0	0	0	0	0	0	0	0	0	0	0	4	[]	0	9
37	123456801	0	0	16	274	0	0	0	0	0	0	0	0	0	0	0	0	0	0	0	0	0	0	0	0	0	0	0	4	[]	0	7
38	123456801	0	0	15	275	0	0	0	0	0	0	0	0	0	0	0	0	0	0	0	0	0	0	0	0	0	0	0	4	[]	0	7
39	123456801	0	0	14	276	0	0	0	0	0	0	0	0	0	0	0	0	0	0	0	0	0	0	0	0	0	0	0	4	[]	0	7
40	123456801	0	0	13	277	0	0	0	0	0	0	0	0	0	0	0	0	0	0	0	0	0	0	0	0	0	0	0	4	[]	0	7
41	123456801	0	0	10	280	0	0	0	0	0	0	0	0	0	0	0	0	0	0	0	0	0	0	0	0	0	0	0	4	[]	0	6
42	123456801	0	0	10	280	0	0	0	0	0	0	0	0	0	0	0	0	0	0	0	0	0	0	0	0	0	0	0	4	[]	0	6
43	123456801	0	0	10	280	0	0	0	0	0	0	0	0	0	0	0	0	0	0	0	0	0	0	0	0	0	0	0	4	[]	0	6
44	123456801	0	0	10	280	0	0	0	0	0	0	0	0	0	0	0	0	0	0	0	0	0	0	0	0	0	0	0	4	[]	0	6
45	123456801	0	0	7	283	0	0	0	0	0	0	0	0	0	0	0	0	0	0	0	0	0	0	0	0	0	0	0	4	[]	0	3
46	123456801	0	0	7	283	0	0	0	0	0	0	0	0	0	0	0	0	0	0	0	0	0	0	0	0	0	0	0	4	[]	0	3
47	123456801	0	0	6	284	0	0	0	0	0	0	0	0	0	0	0	0	0	0	0	0	0	0	0	0	0	0	0	4	[]	0	3
48	123456801	0	0	3	287	0	0	0	0	0	0	0	0	0	0	0	0	0	0	0	0	0	0	0	0	0	0	0	4	[]	0	2
49	123456801	0	0	3	287	0	0	0	0	0	0	0	0	0	0	0	0	0	0	0	0	0	0	0	0	0	0	0	4	[]	0	2
50	123456801	0	0	3	287	0	0	0	0	0	0	0	0	0	0	0	0	0	0	0	0	0	0	0	0	0	0	0	4	[]	0	2
51	123456801	0	0	3	287	0	0	0	0	0	0	0	0	0	0	0	0	0	0	0	0	0	0	0	0	0	0	0	4	[]	0	2
52	123456801	0	0	1	289	0	0	0	0	0	0	0	0	0	0	0	0	0	0	0	0	0	0	0	0	0	0	0	4	[]	0	1
53	123456801	0	0	0	290	0	0	0	0	0	0	0	0	0	0	0	0	0	0	0	0	0	0	0	0	0	0	0	4	[]	0	0
54	123456801	0	0	0	290	0	0	0	0	0	0	0	0	0	0	0	0	0	0	0	0	0	0	0	0	0	0	0	4	[]	0	0
55	123456801	0	0	0	290	0	0	0	0	0	0	0	0	0	0	0	0	0	0	0	0	0	0	0	0	0	0	0	4	[]	0	0
56	123456801	0	0	0	290	0	0	0	0	0	0	0	0	0	0	0	0	0	0	0	0	0	0	0	0	0	0	0	4	[]	0	0
57	123456801	0	0	0	290	0	0	0	0	0	0	0	0	0	0	0	0	0	0	0	0	0	0	0	0	0	0	0	4	[]	0	0
58	123456801	0	0	0	290	0	0	0	0	0	0	0	0	0	0	0	0	0	0	0	0	0	0	0	0	0	0	0	4	[]	0	0
59	123456801	0	0	0	290	0	0	0	0	0	0	0	0	0	0	0	0	0	0	0	0	0	0	0	0	0	0	0	4	[]	0	0
60	123456801	0	0	0	290	0	0	0	0	0	0	0	0	0	0	0	0	0	0	0	0	0	0	0	0	0	0	0	4	[]	0	0
